OTU	pca1510	pca1511	pca1512	pca1513	pca1514	pca1515	pca1517	pca1518	pca1519	pca151	pca1520	pca1521	pca1522	pca1523	pca152	pca154	pca157	pca158	pca159	pca171	pca172	pca173	pca174	pca175	pca181	pca182	pca183	pca184	pca185	pca186	pca187
OTU1	10275	20036	10429	8336	15067	6469	14919	11247	17622	11133	13286	15707	14730	18258	6926	3143	24312	18750	13306	0	0	0	0	0	19374	22658	12334	18175	5482	8316	10157
OTU2	12303	4842	3751	7478	2997	11371	3432	2914	2139	2075	1615	7871	5475	23161	860	2577	4339	6607	4840	0	0	0	0	0	356	326	671	273	1101	1165	259
OTU3	2481	3411	5174	4595	5253	9247	693	1455	3978	4279	2133	2562	5937	17570	2354	14004	1243	4294	638	0	0	0	0	0	686	543	483	302	2168	1353	294
OTU4	1733	868	1203	2184	268	1149	1581	2196	297	2003	1615	2211	1633	2601	297	934	1929	336	1056	0	0	5	0	0	1156	1543	3617	2546	9916	7684	89
OTU5	1114	538	466	915	245	524	1085	1219	143	934	1180	1396	957	1707	129	131	958	232	549	0	0	19	0	0	444	413	482	369	303	539	20
OTU6	404	394	275	285	1437	205	685	1169	491	744	203	1202	84	260	499	342	755	272	392	0	0	0	0	0	330	215	1113	94	168	452	4525
OTU7	867	460	509	1027	176	749	844	1303	218	1282	1020	1089	767	1169	40	24	1114	87	508	0	0	3	0	0	678	575	511	411	487	413	4
OTU8	0	0	0	0	0	0	0	0	0	0	0	0	0	0	0	0	0	0	0	1807	3083	7242	1202	1468	0	0	0	0	0	0	0
OTU9	0	0	0	0	0	0	0	0	0	0	0	0	0	0	18	0	0	0	0	2815	3381	4146	0	0	0	0	0	0	0	0	0
OTU10	0	0	0	0	49	2	281	3229	3019	0	2	0	0	0	0	0	0	967	0	0	0	0	0	0	0	0	0	10	3	3	0
OTU11	147	154	74	2	396	823	1356	1242	129	155	1395	13	124	69	109	466	0	662	24	0	0	0	0	0	24	8	29	95	0	2	16
OTU12	0	0	0	0	0	0	0	0	0	0	0	0	0	0	0	0	0	0	0	628	4814	1417	8	87	0	0	0	0	0	0	0
OTU13	431	152	132	251	769	18	235	156	179	303	593	203	178	347	84	46	297	383	215	0	0	0	0	0	297	32	231	55	127	151	347
OTU14	0	84	250	550	0	0	0	0	0	124	0	169	0	0	0	63	186	0	0	0	0	0	0	0	1081	0	249	84	0	26	1703
OTU15	0	191	24	0	2449	61	0	0	0	0	436	25	0	0	0	143	17	62	5	0	0	0	0	0	0	2	0	0	0	0	0
OTU16	89	98	158	34	17	75	66	68	4	324	48	36	153	182	646	1204	22	18	48	0	0	0	0	3	5	5	9	10	17	25	0
OTU17	18	50	11	19	21	27	153	33	110	2	181	0	0	92	59	36	0	7	142	0	0	0	1905	0	55	0	0	0	0	0	5
OTU18	424	3	36	0	1081	131	32	0	0	4	42	206	0	66	25	38	4	69	162	0	0	0	0	0	68	32	0	71	7	11	0
OTU19	0	0	7	56	0	0	324	420	163	0	36	0	0	0	0	29	0	0	0	0	0	0	0	0	30	0	0	0	45	0	551
OTU20	0	0	0	0	0	0	0	0	0	152	0	0	0	0	1060	322	0	0	0	0	3	0	4	11	2	0	1	0	0	0	0
OTU21	0	0	0	0	0	0	0	0	0	0	0	0	0	0	0	0	0	0	0	229	278	585	173	111	0	0	0	0	0	0	0
OTU22	296	0	179	189	192	0	93	46	6	0	0	102	29	6	0	0	41	1	0	0	0	0	0	0	5	0	0	105	0	3	0
OTU23	0	0	0	0	0	0	0	0	0	0	0	0	0	0	63	0	0	0	2	0	0	0	1101	0	0	0	0	0	0	0	0
OTU24	1	8	16	4	6	2	11	0	0	275	8	4	2	12	304	278	3	0	10	2	2	5	4	8	10	14	22	3	4	4	27
OTU25	0	4	3	0	0	0	0	10	0	0	0	0	0	0	82	0	0	4	0	0	0	10	284	620	0	0	6	3	0	15	0
OTU26	20	4	4	87	60	13	257	120	25	9	49	21	9	100	0	6	86	4	30	0	0	0	0	0	4	60	7	0	4	11	27
OTU27	95	0	0	0	0	0	119	23	0	2	39	0	0	1	44	42	0	0	10	0	0	0	532	0	16	0	0	27	0	0	4
OTU28	3	327	30	0	2	35	2	31	66	9	0	0	3	22	0	22	0	41	221	0	0	0	0	0	67	0	0	2	0	0	0
OTU29	0	15	8	11	31	0	0	47	7	5	7	32	0	55	5	7	39	0	0	301	137	53	0	0	0	48	4	7	2	0	0
OTU30	3	0	20	2	0	4	30	436	0	0	0	29	4	15	0	95	0	0	3	0	0	0	0	0	0	0	0	0	31	0	0
OTU31	0	0	34	0	0	16	0	0	0	0	16	0	0	86	0	311	80	0	0	0	0	0	0	0	0	0	0	0	17	66	2
OTU32	0	0	0	0	0	0	0	0	0	0	0	0	0	0	0	0	0	0	0	65	91	236	145	64	0	18	0	3	0	3	0
OTU33	6	0	0	0	0	0	0	0	0	50	0	0	0	2	269	201	0	0	2	6	6	2	11	21	4	5	4	0	0	2	4
OTU34	17	0	20	18	18	10	0	96	0	25	31	89	44	0	0	31	3	54	19	0	0	0	0	0	7	26	0	9	0	0	61
OTU35	0	0	0	69	0	0	0	0	0	0	0	6	0	4	346	22	0	0	7	3	0	2	2	0	0	0	0	0	0	0	0
OTU36	0	0	0	0	4	0	0	22	0	0	0	17	372	0	0	0	0	0	17	0	0	0	18	0	0	0	6	0	0	0	0
OTU37	0	0	0	0	0	4	0	0	0	0	0	5	0	19	0	91	0	6	0	0	0	0	0	0	0	0	0	0	285	14	0
OTU38	5	19	0	0	19	4	7	172	0	0	0	7	8	7	0	25	0	19	105	0	0	0	0	0	3	0	0	0	0	0	0
OTU39	0	0	0	0	0	0	0	0	0	0	0	0	0	0	0	0	0	0	0	38	0	48	21	276	0	0	0	0	0	0	0
OTU40	0	5	0	0	0	0	0	9	0	0	14	0	0	0	0	0	0	0	305	0	0	0	0	0	0	0	0	0	0	0	0
OTU41	9	8	0	0	0	0	0	115	0	0	0	0	0	0	0	187	0	5	0	0	0	0	0	0	0	0	0	0	0	0	0
OTU42	10	0	7	7	10	0	5	5	0	1	16	1	77	0	0	6	2	0	4	4	14	18	36	57	5	3	2	0	0	0	23
OTU43	0	0	0	0	0	0	0	17	0	0	25	0	0	0	21	0	15	0	0	0	0	0	0	0	0	2	0	0	90	103	0
OTU44	0	0	0	0	0	0	0	0	0	0	4	0	0	0	0	0	0	0	14	0	0	0	253	0	0	0	0	0	0	0	0
OTU45	0	0	0	0	0	0	0	0	0	0	0	0	0	0	37	0	0	0	0	0	0	12	59	158	0	0	0	0	0	0	0
OTU46	0	0	0	0	0	31	0	4	0	0	0	0	0	0	221	0	0	0	0	0	0	0	0	0	0	0	0	9	0	0	0
OTU47	0	2	0	0	4	0	3	0	0	7	8	0	3	6	170	39	0	7	1	0	0	0	0	0	3	0	1	1	0	2	0
OTU48	37	14	0	0	0	0	169	7	0	0	3	0	0	0	0	0	0	13	0	0	0	0	0	0	0	0	0	0	0	2	0
OTU49	0	7	0	0	3	0	0	0	0	0	2	5	0	0	221	0	0	0	0	5	2	0	0	0	0	0	0	0	0	0	0
OTU50	4	0	0	0	0	0	9	18	0	0	6	2	2	195	0	0	5	0	0	0	0	0	0	0	0	0	0	0	0	0	0
OTU51	0	0	0	0	0	0	2	0	2	0	0	0	0	0	0	0	0	0	5	0	0	0	227	0	0	0	0	0	0	0	4
OTU52	3	11	0	0	4	0	0	0	0	0	2	0	0	7	0	0	20	6	13	0	0	0	0	0	0	17	27	14	62	27	26
OTU53	2	0	0	0	0	0	0	7	0	0	0	5	0	6	20	0	4	9	5	10	8	0	47	80	1	0	0	0	18	15	0
OTU54	0	0	0	0	0	0	0	0	0	0	0	0	0	0	0	0	0	200	0	12	0	6	3	2	0	0	0	0	2	0	0
OTU55	0	0	0	30	0	0	0	0	0	0	0	0	0	0	183	0	0	0	0	0	0	0	0	0	0	2	0	0	2	0	7
OTU56	0	4	0	0	0	2	0	6	4	3	9	0	0	0	80	0	0	5	84	0	0	0	0	0	13	2	0	0	0	0	0
OTU57	50	0	0	0	0	0	3	0	0	0	0	0	0	0	0	0	0	0	4	0	0	0	144	9	0	0	0	0	0	0	0
OTU58	0	0	0	0	2	0	0	4	0	0	0	0	0	0	0	0	0	0	0	0	0	6	54	142	0	0	0	0	0	0	0
OTU59	0	0	0	0	0	26	0	0	0	6	0	0	0	0	0	0	0	0	0	0	0	0	0	0	0	0	0	0	7	146	0
OTU60	0	3	0	0	0	179	0	2	0	0	0	0	0	0	0	0	0	0	0	0	0	0	0	0	0	0	0	0	0	0	0
OTU61	0	0	0	8	0	5	0	0	15	0	0	0	0	0	0	0	0	8	0	0	0	0	0	0	38	5	26	7	17	49	4
OTU62	0	0	0	0	4	0	0	0	0	0	0	0	0	0	0	0	0	2	0	0	0	0	49	103	0	0	9	2	0	11	0
OTU63	0	0	0	0	0	61	14	4	0	0	3	0	0	0	0	83	0	0	0	0	0	0	0	0	6	0	0	0	0	0	0
OTU64	0	0	0	40	0	0	26	0	0	0	0	0	0	0	20	0	0	20	0	0	0	0	0	0	39	9	12	0	0	3	0
OTU65	0	0	0	0	0	0	11	9	0	0	0	0	0	0	59	0	0	0	0	0	0	0	0	0	18	15	13	18	3	8	12
OTU66	0	0	0	13	0	0	0	0	0	0	0	0	0	0	0	0	0	0	0	65	5	22	3	18	9	4	5	2	4	4	7
OTU67	0	13	0	0	0	0	26	67	0	0	0	0	0	0	0	0	0	0	51	0	0	0	0	0	0	0	0	0	0	0	0
OTU68	0	0	0	0	0	0	0	0	0	0	0	0	0	0	0	0	0	0	0	7	5	133	5	6	0	0	0	0	0	0	0
OTU69	0	0	5	0	0	0	0	4	21	0	92	2	0	0	0	0	0	0	26	0	0	0	0	0	0	0	0	0	0	0	0
OTU70	0	0	0	0	5	0	0	0	0	0	0	0	0	0	82	41	2	5	8	0	0	0	0	0	0	0	0	0	0	0	0
OTU71	0	33	0	0	0	0	0	0	0	0	0	0	0	0	0	27	0	0	77	0	0	0	0	0	0	0	0	0	0	0	0
OTU72	0	0	0	0	0	2	0	0	0	17	0	0	0	2	63	47	0	0	0	0	0	0	0	0	0	0	0	0	0	0	0
OTU73	19	0	0	0	4	0	0	8	0	5	0	0	0	0	0	0	0	0	0	0	0	26	65	0	0	0	0	0	0	0	0
OTU74	0	2	4	0	0	0	5	49	0	0	33	0	0	0	0	0	0	0	32	0	0	0	0	0	0	0	0	0	0	0	0
OTU75	0	0	0	0	0	0	0	0	0	0	0	10	0	0	0	84	0	5	0	0	0	0	0	0	9	0	5	2	2	5	0
OTU76	3	0	0	0	0	7	0	0	0	1	0	0	5	0	92	0	4	0	0	0	0	0	0	0	2	3	2	0	0	0	2
OTU77	0	0	0	0	0	0	0	0	0	8	0	0	0	0	0	106	0	0	0	0	0	0	0	0	0	0	0	0	0	0	2
OTU78	0	0	7	0	14	0	0	19	0	0	0	0	0	63	0	0	0	0	0	0	0	0	0	0	1	0	0	0	0	6	0
OTU79	0	7	0	0	0	0	0	0	0	0	0	0	14	7	0	0	0	0	0	0	0	0	0	0	4	0	0	0	0	0	75
OTU80	9	0	0	4	13	0	0	0	0	0	2	0	12	0	0	18	13	11	19	0	0	0	0	0	0	2	0	0	0	0	3
OTU81	5	10	2	9	13	0	0	8	0	25	0	0	0	1	9	0	6	11	2	0	0	0	0	0	0	0	4	0	0	0	0
OTU82	0	0	0	3	0	0	23	0	0	0	6	25	0	15	0	27	4	0	0	0	0	0	0	0	0	0	0	0	0	0	0
OTU83	0	14	0	0	0	0	0	0	0	0	0	0	0	0	0	0	0	3	82	0	0	0	0	0	2	0	0	0	0	0	0
OTU84	0	0	0	0	0	8	9	4	0	0	4	20	0	11	0	22	19	0	0	0	0	0	0	0	0	0	0	0	0	4	0
OTU85	0	0	0	0	0	0	0	0	0	0	0	0	73	4	22	0	0	0	0	0	0	0	0	0	0	0	0	0	0	0	0
OTU86	0	0	0	0	0	0	0	0	0	0	0	0	0	0	0	0	0	0	0	46	7	13	7	16	3	2	0	0	2	0	0
OTU87	0	0	0	0	0	0	0	0	0	0	0	45	0	48	0	0	0	0	0	0	0	0	0	0	0	0	0	0	0	3	0
OTU88	7	13	0	0	2	13	0	0	11	0	1	13	0	0	0	13	4	18	0	0	0	0	0	0	0	0	0	0	0	0	0
OTU89	0	0	0	0	0	0	0	0	8	0	2	8	0	0	0	0	0	3	0	0	0	0	0	0	19	2	34	5	3	5	2
OTU90	12	0	0	0	0	0	0	0	0	0	6	0	0	6	0	0	0	0	47	0	0	0	16	0	0	0	0	0	0	2	0
OTU91	10	0	0	0	5	3	10	0	0	4	0	0	0	0	8	13	24	0	0	0	0	0	0	0	0	0	2	0	4	0	2
OTU92	11	0	0	0	0	2	11	0	0	0	20	0	0	7	0	10	0	0	0	0	0	0	0	0	21	0	2	0	0	0	0
OTU93	2	0	0	0	0	0	0	0	0	0	0	0	0	0	0	0	0	4	77	0	0	0	0	0	0	0	0	0	0	0	0
OTU94	0	27	0	0	0	0	5	34	0	0	5	0	0	0	0	0	0	0	11	0	0	0	0	0	0	0	0	0	0	0	0
OTU95	0	0	16	0	0	0	0	0	0	0	0	0	0	0	0	0	0	11	52	0	0	0	0	0	0	0	0	0	0	0	0
OTU96	0	0	0	0	0	48	0	10	0	9	5	0	0	0	0	0	0	0	0	0	0	0	0	0	3	0	0	0	0	2	0
OTU97	0	0	0	0	0	0	0	0	0	0	0	0	0	0	0	0	0	0	0	15	34	27	0	0	0	0	0	0	0	0	0
OTU98	0	0	0	0	0	0	0	9	0	0	0	0	0	6	0	0	0	0	0	0	0	0	0	0	0	0	0	0	0	21	38
OTU99	0	0	0	0	3	4	0	0	0	0	3	0	0	3	0	16	3	2	0	0	2	2	0	2	5	0	9	4	0	6	8
OTU100	0	21	0	0	0	0	16	23	0	0	0	0	0	0	0	0	0	10	0	0	0	0	0	0	0	0	0	0	0	0	0
OTU101	0	0	4	0	0	0	0	0	4	0	0	0	6	0	49	4	0	0	0	0	0	0	0	0	3	0	0	0	0	0	0
OTU102	2	0	0	0	6	0	0	0	0	2	0	34	7	0	0	12	0	0	5	0	0	0	0	0	0	0	0	2	0	0	0
OTU103	0	0	0	0	0	0	0	0	0	58	0	0	8	0	0	3	0	0	0	0	0	0	0	0	0	0	0	0	0	0	0
OTU104	0	2	0	0	0	0	2	13	27	0	4	0	0	0	0	0	0	3	5	0	0	0	0	0	11	0	0	0	0	0	0
OTU105	4	8	0	0	12	0	0	2	0	0	0	0	0	0	0	22	0	0	6	2	2	2	0	3	0	0	0	0	0	0	0
OTU106	0	0	0	0	0	17	0	4	0	0	2	0	0	6	0	0	0	0	28	0	0	0	0	0	5	0	0	0	0	0	0
OTU107	0	45	0	0	0	0	0	0	0	0	9	0	0	0	0	0	0	6	0	0	0	0	0	0	0	0	0	0	0	0	0
OTU108	0	0	0	0	0	0	0	0	0	2	0	2	0	0	56	0	0	0	0	0	0	0	0	0	0	0	0	0	0	0	0
OTU109	0	0	0	0	0	7	0	11	0	0	0	1	0	2	0	0	0	0	0	0	2	0	5	29	2	0	0	0	0	0	0
OTU110	0	0	0	0	0	0	0	0	0	3	2	12	0	24	0	1	0	17	0	0	0	0	0	0	0	0	0	0	0	0	0
OTU111	0	3	0	0	6	0	0	3	0	0	0	0	6	1	0	0	0	0	0	0	0	0	40	0	0	0	0	0	0	0	0
OTU112	0	0	0	26	0	0	0	0	0	3	0	0	0	0	0	29	0	0	0	0	0	0	0	0	0	0	0	0	0	0	0
OTU113	2	0	0	0	0	33	16	0	0	0	0	0	0	3	0	0	0	3	0	0	0	0	0	0	0	0	0	0	0	0	0
OTU114	0	0	0	0	0	0	0	0	0	2	0	0	0	0	36	0	0	0	0	0	0	0	0	0	7	0	4	0	4	2	2
OTU115	15	0	0	0	0	0	0	0	0	0	0	0	0	0	0	0	0	0	0	0	0	0	4	37	0	0	0	0	0	0	0
OTU116	0	7	0	0	4	0	0	3	0	0	0	0	0	0	27	5	3	4	0	0	0	0	0	0	0	0	0	0	0	0	0
OTU117	0	0	0	0	0	0	3	0	0	1	2	0	0	0	0	0	0	0	0	0	0	0	0	0	0	0	0	0	42	2	0
OTU118	0	0	0	0	0	0	0	0	0	0	2	0	0	0	0	15	0	0	0	0	0	0	0	0	2	0	0	0	3	24	2
OTU119	0	0	0	0	0	0	0	0	0	0	0	0	0	0	25	15	0	0	0	0	0	6	0	0	0	0	0	0	0	0	0
OTU120	0	0	0	0	0	0	0	0	0	0	0	0	0	0	0	40	4	0	0	0	0	0	0	0	0	0	0	0	2	0	0
OTU121	0	0	0	0	0	0	0	0	0	0	0	0	0	0	0	0	0	0	0	15	0	15	0	8	2	0	3	0	0	2	0
OTU122	0	0	0	0	0	0	0	0	0	4	0	0	0	0	38	0	2	0	0	0	0	0	0	0	0	0	0	0	0	0	0
OTU123	0	5	0	0	0	0	0	0	1	0	0	0	0	3	0	1	0	5	18	0	0	0	0	0	0	6	5	0	0	0	0
OTU124	0	0	0	0	0	0	0	0	0	0	0	0	0	0	0	0	0	0	0	0	0	0	0	0	11	2	5	2	17	4	2
OTU125	0	0	0	0	0	0	0	0	0	0	0	0	0	0	0	0	0	0	0	0	0	7	35	1	0	0	0	0	0	0	0
OTU126	15	0	0	0	2	10	6	3	0	0	0	0	0	0	0	0	0	0	0	0	0	0	0	0	0	0	0	0	0	7	0
OTU127	0	0	0	0	0	0	0	0	0	2	0	0	4	0	36	0	0	0	0	0	0	0	0	0	0	0	0	0	0	0	0
OTU128	28	0	0	0	0	0	0	0	0	0	0	3	0	0	0	0	0	0	0	0	0	0	0	8	0	0	0	0	0	0	3
OTU129	0	0	0	0	0	14	0	0	0	0	0	0	0	0	0	0	0	4	24	0	0	0	0	0	0	0	0	0	0	0	0
OTU130	18	0	0	0	0	4	0	4	0	0	1	2	0	0	0	3	0	0	0	0	0	9	0	0	0	0	0	0	0	0	0
OTU131	1	0	10	0	0	0	0	5	0	0	0	0	0	0	0	0	0	0	7	0	0	0	0	0	0	0	0	0	18	0	0
OTU132	0	2	0	0	0	0	0	0	0	0	0	0	0	0	0	6	0	0	27	0	0	0	0	3	0	0	0	2	0	0	0
OTU133	0	0	0	0	0	0	0	0	0	2	0	0	0	0	31	2	0	0	0	0	0	0	0	3	0	0	2	0	0	0	0
OTU134	9	0	0	0	0	0	0	0	0	0	0	0	0	0	0	20	0	5	3	0	0	0	0	0	0	0	0	0	0	2	0
OTU135	0	0	0	0	2	0	0	0	0	3	0	0	0	0	34	0	0	0	0	0	0	0	0	0	0	0	0	0	0	0	0
OTU136	0	5	0	6	1	0	0	0	1	18	0	2	0	0	0	0	0	4	0	0	0	0	0	0	0	0	0	0	0	0	2
OTU137	4	0	0	0	9	0	0	0	0	0	0	0	0	0	26	0	0	0	0	0	0	0	0	0	0	0	0	0	0	0	0
OTU138	0	0	0	0	0	0	0	0	0	0	0	0	0	0	0	0	0	8	22	0	0	0	0	0	8	0	0	0	0	0	0
OTU139	0	0	0	0	0	0	0	0	0	0	8	16	0	0	0	0	0	14	0	0	0	0	0	0	0	0	0	0	0	0	0
OTU140	2	2	3	0	0	9	0	0	4	2	0	0	0	0	15	0	0	0	0	0	0	0	0	0	0	0	0	0	0	0	0
OTU141	3	0	0	6	0	0	0	0	0	0	0	0	0	0	0	0	0	0	0	0	0	0	0	0	0	28	0	0	0	0	0
OTU142	0	0	0	0	0	0	0	0	0	3	0	0	0	24	0	9	0	0	0	0	0	0	0	0	0	0	0	0	0	0	0
OTU143	0	9	0	16	0	0	0	0	0	0	0	0	0	0	0	0	0	0	0	0	0	0	0	0	0	0	0	0	10	0	0
OTU144	0	0	0	0	0	0	0	0	0	6	0	3	0	4	0	0	0	0	0	0	0	0	0	0	16	0	4	2	0	0	0
OTU145	0	0	0	0	0	0	0	4	0	0	26	0	0	0	0	0	0	0	0	0	0	0	0	0	5	0	0	0	0	0	0
OTU146	3	0	0	0	0	0	0	0	0	0	0	0	0	0	0	0	0	0	0	0	0	0	25	7	0	0	0	0	0	0	0
OTU147	2	3	0	0	0	8	0	0	0	0	0	0	0	0	15	0	0	5	0	0	0	0	2	0	0	0	0	0	0	0	0
OTU148	0	0	0	0	0	0	0	0	0	0	0	16	0	3	0	0	0	0	0	0	0	0	0	0	0	0	0	0	16	0	0
OTU149	0	0	0	0	0	0	0	0	0	0	13	0	0	0	0	0	0	2	20	0	0	0	0	0	0	0	0	0	0	0	0
OTU150	0	0	0	0	0	0	0	0	0	5	0	0	0	0	0	0	3	0	0	0	0	0	0	0	13	0	1	5	0	4	3
OTU151	2	0	3	0	5	0	0	0	0	0	0	0	3	0	0	0	11	0	0	4	3	0	0	0	0	0	0	0	0	0	3
OTU152	0	0	0	0	0	3	14	0	0	0	0	0	0	0	0	2	11	0	0	0	0	0	0	0	0	0	0	0	0	3	0
OTU153	0	0	0	0	0	3	0	0	0	0	0	2	0	0	0	23	2	0	0	0	0	0	0	0	0	0	0	0	0	3	0
OTU154	0	0	0	0	0	0	0	0	0	0	0	0	0	0	0	0	0	0	0	0	0	0	6	22	0	0	2	0	0	3	0
OTU155	5	0	0	0	3	0	0	0	0	0	0	0	8	0	0	0	0	0	16	0	0	0	0	0	0	0	0	0	0	0	0
OTU156	20	0	0	0	0	0	0	0	0	4	0	0	0	0	0	4	0	0	0	0	0	0	0	0	0	0	0	0	3	0	0
OTU157	9	0	0	4	0	0	6	0	2	0	0	0	0	0	0	0	4	0	1	0	0	0	0	0	0	0	3	0	2	0	0
OTU158	0	0	0	0	0	0	0	0	0	12	0	0	0	0	0	5	7	0	6	0	0	0	0	0	0	0	0	0	0	0	0
OTU159	4	0	0	0	0	0	0	0	0	0	0	0	0	0	0	0	0	0	0	0	0	11	3	12	0	0	0	0	0	0	0
OTU160	0	0	0	22	5	0	0	0	3	0	0	0	0	0	0	0	0	0	0	0	0	0	0	0	0	0	0	0	0	0	0
OTU161	0	0	0	0	0	0	0	0	0	0	0	0	0	0	0	0	0	0	0	0	0	0	0	0	3	3	12	6	0	0	5
OTU162	0	0	0	0	0	0	0	0	0	0	0	0	0	0	0	4	0	16	9	0	0	0	0	0	0	0	0	0	0	0	0
OTU163	0	0	0	10	0	0	0	0	0	0	0	0	0	3	0	13	0	0	0	0	0	3	0	0	0	0	0	0	0	0	0
OTU164	0	5	0	0	0	3	0	10	0	0	0	0	0	0	0	0	0	0	11	0	0	0	0	0	0	0	0	0	0	0	0
OTU165	0	0	0	0	13	0	0	10	0	0	0	0	0	0	0	0	0	0	0	0	0	0	0	0	5	0	0	0	0	0	0
OTU166	0	0	0	0	0	0	0	0	0	2	0	0	0	0	0	0	9	0	0	0	0	0	4	5	0	3	3	0	0	0	2
OTU167	0	0	0	0	0	6	0	9	0	0	7	0	0	0	0	0	0	0	0	0	0	0	0	0	3	0	0	0	0	3	0
OTU168	0	0	0	0	0	0	9	8	0	2	0	0	0	0	0	9	0	0	0	0	0	0	0	0	0	0	0	0	0	0	0
OTU169	0	0	0	0	0	0	0	0	0	0	0	0	0	0	0	0	0	0	0	12	2	0	0	3	5	2	0	0	4	0	0
OTU170	0	0	0	0	0	8	0	0	0	0	0	0	0	0	0	0	0	2	0	0	0	0	0	0	4	3	6	1	0	1	3
OTU171	0	14	0	4	0	6	3	0	0	0	0	0	0	0	0	0	0	0	0	0	0	0	0	0	0	0	0	0	0	0	0
OTU172	0	3	0	0	0	0	0	0	0	2	0	0	0	0	22	0	0	0	0	0	0	0	0	0	0	0	0	0	0	0	0
OTU173	0	0	0	0	0	0	0	0	0	2	0	0	3	0	7	10	0	0	0	0	0	0	0	0	0	0	3	0	0	0	2
OTU174	0	5	0	0	0	0	0	0	0	0	0	0	0	0	0	0	0	18	4	0	0	0	0	0	0	0	0	0	0	0	0
OTU175	0	0	0	0	0	0	0	0	0	0	0	0	4	0	0	0	0	0	0	0	0	0	0	0	5	4	5	5	4	0	0
OTU176	0	0	2	0	0	0	0	0	0	0	0	0	0	0	0	0	0	0	0	0	0	0	0	0	7	3	5	0	3	6	0
OTU177	7	0	0	0	0	0	0	0	0	0	0	0	0	0	0	14	0	0	0	0	0	0	0	0	0	0	0	0	5	0	0
OTU178	0	0	0	0	0	0	0	0	17	0	0	0	0	2	0	0	0	0	0	0	0	0	0	0	0	0	0	0	0	6	0
OTU179	0	0	0	0	0	4	3	0	0	0	0	0	0	0	0	0	0	0	5	0	0	0	11	0	0	0	0	0	0	2	0
OTU180	0	0	0	0	0	0	0	0	0	0	0	0	0	0	0	0	0	0	0	17	0	1	0	3	0	0	2	0	0	0	2
OTU181	0	0	0	0	0	0	0	0	0	0	0	0	0	0	0	0	0	0	0	13	4	2	0	2	0	0	0	0	2	0	2
OTU182	0	0	0	0	0	0	0	0	0	0	0	0	0	0	0	4	0	0	0	0	0	0	0	0	0	0	0	0	15	5	0
OTU183	8	0	0	0	0	0	0	0	0	0	0	0	0	0	0	0	0	0	0	0	0	0	3	13	0	0	0	0	0	0	0
OTU184	0	0	0	0	0	0	0	0	0	0	0	0	0	0	0	0	0	0	0	0	0	4	6	14	0	0	0	0	0	0	0
OTU185	0	0	0	0	0	0	0	0	0	0	0	0	0	2	0	0	14	0	0	0	0	0	0	0	4	0	3	0	0	0	0
OTU186	0	0	0	0	0	0	0	0	0	4	0	0	0	0	0	0	0	0	0	0	0	0	0	0	0	2	4	0	2	0	11
OTU187	0	0	0	0	0	0	0	0	0	0	0	0	0	0	5	0	0	0	0	0	0	2	9	6	0	0	0	0	0	0	0
OTU188	0	0	0	0	0	2	0	12	0	0	0	0	0	0	0	0	0	0	8	0	0	0	0	0	0	0	0	0	0	0	0
OTU189	0	0	0	0	0	0	0	0	9	0	0	0	0	0	0	0	0	6	0	0	0	0	0	0	2	0	0	0	0	2	2
OTU190	0	6	0	0	0	0	0	0	13	0	2	0	0	0	0	0	0	0	0	0	0	0	0	0	0	0	0	0	0	0	0
OTU191	1	0	0	0	3	3	0	0	0	0	0	0	4	0	0	0	0	0	0	0	0	0	0	0	1	2	4	2	0	0	1
OTU192	0	0	0	0	0	0	0	14	0	0	0	0	0	0	0	0	0	0	3	0	0	0	0	0	3	0	0	0	0	0	0
OTU193	0	0	0	3	0	0	0	0	0	0	0	0	0	0	0	7	0	0	10	0	0	0	0	0	0	0	0	0	0	0	0
OTU194	0	1	0	0	0	0	0	0	0	0	0	0	0	0	0	0	0	3	15	0	0	0	0	0	0	0	0	0	0	0	0
OTU195	0	0	0	0	2	0	0	0	0	0	0	0	0	0	0	0	0	8	0	0	0	0	0	0	3	0	2	4	0	0	0
OTU196	0	0	0	0	0	0	0	0	0	0	0	0	0	0	9	0	0	0	0	0	0	0	0	3	0	0	0	0	6	0	0
OTU197	5	0	0	0	0	0	0	0	0	4	0	0	0	0	0	0	0	0	0	0	0	0	0	0	0	0	0	0	6	3	0
OTU198	0	0	6	0	0	0	0	0	0	0	0	0	0	0	0	8	0	0	4	0	0	0	0	0	0	0	0	0	0	0	0
OTU199	0	0	0	0	0	3	0	11	0	0	0	0	0	0	0	0	0	0	3	0	0	0	0	0	0	0	0	0	0	0	0
OTU200	0	0	0	0	0	0	0	0	3	3	3	0	4	0	0	2	0	0	0	0	0	0	0	0	0	0	0	0	2	0	0
OTU201	0	0	0	0	2	0	0	0	0	0	0	0	0	0	0	0	13	0	0	0	0	0	0	0	0	0	0	0	2	0	0
OTU202	2	0	0	0	0	0	0	0	0	0	0	0	0	0	0	0	0	0	13	0	0	0	0	0	2	0	0	0	0	0	0
OTU203	0	0	0	0	2	12	0	0	0	3	0	0	0	0	0	0	0	0	0	0	0	0	0	0	0	0	0	0	0	0	0
OTU204	0	0	0	0	2	10	0	0	0	0	0	0	0	0	0	0	0	0	4	0	0	0	0	0	0	0	0	0	0	0	0
OTU205	0	0	0	0	0	0	0	0	0	0	0	0	0	0	0	4	0	0	0	0	0	4	1	5	0	0	0	0	2	0	0
OTU206	0	0	0	0	0	0	0	0	0	0	0	2	0	5	0	6	0	0	0	0	0	0	0	0	0	0	0	0	3	0	0
OTU207	0	0	0	0	0	0	0	0	0	0	0	0	0	0	0	11	0	0	0	0	0	0	0	0	0	0	0	0	3	2	0
OTU208	0	0	0	0	0	8	0	0	0	0	0	0	0	0	0	0	0	0	0	0	4	0	0	4	0	0	0	0	0	0	0
OTU209	0	0	0	0	0	4	0	0	0	0	0	0	0	8	0	0	0	0	3	0	0	0	0	0	0	0	0	0	0	0	0
OTU210	0	0	0	0	0	2	6	0	0	0	0	0	0	0	0	4	0	0	0	0	0	0	0	0	0	0	0	0	0	3	0
OTU211	0	0	0	0	0	0	0	0	0	0	1	0	0	0	0	0	0	0	0	0	0	0	0	0	0	0	0	0	12	1	0
OTU212	0	0	0	0	0	0	0	0	0	0	0	0	0	0	0	0	0	10	0	0	0	0	0	0	2	0	2	0	0	0	0
OTU213	0	0	0	0	0	0	0	0	0	0	0	0	0	7	0	0	2	0	2	0	0	0	0	0	0	0	0	0	0	0	3
OTU214	5	0	6	0	0	0	0	0	0	0	0	0	0	0	0	0	0	0	0	0	0	0	0	0	3	0	0	0	0	0	0
OTU215	0	0	0	0	0	0	0	0	0	0	0	0	0	0	0	0	0	0	0	7	0	3	0	2	0	0	0	2	0	0	0
OTU216	3	0	0	0	0	8	0	0	0	3	0	0	0	0	0	0	0	0	0	0	0	0	0	0	0	0	0	0	0	0	0
OTU217	0	0	0	0	0	0	3	0	0	0	0	0	0	6	0	0	2	0	0	0	0	0	0	0	0	0	0	0	2	0	0
OTU218	0	0	0	0	0	0	0	0	0	0	0	0	0	0	0	0	0	0	0	8	2	0	0	3	0	0	0	0	0	0	0
OTU219	0	6	0	0	0	0	0	0	2	0	0	0	0	0	0	5	0	0	0	0	0	0	0	0	0	0	0	0	0	0	0
OTU220	5	4	0	0	0	0	0	2	0	0	2	0	0	0	0	0	0	0	0	0	0	0	0	0	0	0	0	0	0	0	0
OTU221	0	0	0	0	0	2	0	0	0	0	0	0	0	8	0	0	0	0	0	0	0	3	0	0	0	0	0	0	0	0	0
OTU222	0	0	0	0	0	0	0	0	0	0	0	0	0	0	3	5	0	0	5	0	0	0	0	0	0	0	0	0	0	0	0
OTU223	0	0	0	0	0	0	0	0	0	0	0	4	0	0	0	0	0	0	0	0	0	0	0	0	3	0	2	0	0	4	0
OTU224	2	0	0	8	3	0	0	0	0	0	0	0	0	0	0	0	0	0	0	0	0	0	0	0	0	0	0	0	0	0	0
OTU225	0	0	0	0	3	0	0	0	0	0	0	5	0	0	0	0	0	5	0	0	0	0	0	0	0	0	0	0	0	0	0
OTU226	2	0	0	0	0	0	0	0	6	0	0	0	0	0	0	0	0	4	0	0	0	0	0	0	0	0	0	0	0	0	0
OTU227	0	0	0	0	0	0	0	0	0	0	0	0	0	0	0	0	0	8	0	0	0	0	0	0	0	0	0	2	0	0	2
OTU228	0	0	0	0	0	7	0	0	0	0	0	0	0	0	0	0	0	0	3	0	0	0	0	0	0	0	2	0	0	0	0
OTU229	0	0	0	0	5	0	0	0	0	0	0	0	0	0	0	0	0	0	0	0	0	1	0	1	0	0	0	0	5	0	0
OTU230	3	0	0	0	0	0	0	4	0	0	4	0	0	0	0	0	0	0	0	0	0	0	0	0	0	0	0	0	0	0	0
OTU231	2	4	0	0	0	0	0	0	0	5	0	0	0	0	0	0	0	0	0	0	0	0	0	0	0	0	0	0	0	0	0
OTU232	0	4	0	0	1	4	0	0	0	0	0	0	0	2	0	0	0	0	0	0	0	0	0	0	0	0	0	0	0	0	0
OTU233	0	0	0	0	0	0	0	7	0	0	0	0	0	0	0	0	2	0	0	0	0	0	0	0	0	0	0	0	0	2	0
OTU234	0	0	0	0	0	0	0	0	0	0	4	0	4	0	0	0	0	0	0	0	0	2	1	0	0	0	0	0	0	0	0
OTU235	0	0	0	0	0	0	0	0	0	0	0	0	0	4	0	0	0	0	0	0	0	0	0	0	0	0	0	0	4	3	0
OTU236	0	0	0	0	0	5	0	0	0	0	0	0	0	0	0	0	0	0	0	0	0	0	0	0	2	0	0	0	4	0	0
